Time,X,Y,Angle
0.0,0.0,-0.0,-0.004597661130914239
0.01,0.0029728409018545824,-1.223695256705477e-05,-0.003637309221778865
0.02,0.005951550549808132,-2.166381022491371e-05,-0.0026923881836604193
0.03,0.00893607512758734,-2.831839687316715e-05,-0.0017627538174839245
0.04,0.011926360969508647,-3.223841898095909e-05,-0.0008482641516180681
0.05,0.01492235456031754,-3.346146572451255e-05,5.122059370997827e-05
0.06,0.017924002535027805,-3.2025009124655064e-05,0.0009358380413789641
0.07,0.020931251678760886,-2.7966404184344088e-05,0.0018057236917270846
0.08,0.023944048926585085,-2.1322889026192446e-05,0.002661010956304434
0.09,0.02696234136335498,-1.213158502999382e-05,0.0035018311910341316
0.1,0.029986076223550567,-4.294969702479905e-07,0.004328313728791773
0.11,0.033015200891116675,1.3746486846313433e-05,0.005140585911412746
0.12,0.036049662899302164,3.035959444320188e-05,0.005938773121136936
0.13,0.03908940993049934,4.9373170036646245e-05,0.006722998811500132
0.14,0.04213438981608308,7.075067389806734e-05,0.007493384537681468
0.15,0.045184550536250236,9.445568221655253e-05,0.008250049986316028
0.16,0.04823984021985895,0.00012045188696133085,0.00899311300478172
0.17,0.05130020714426779,0.00014870309574424638,0.009722689629969382
0.18,0.05436559973517528,0.00017917323168223378,0.010438894116544901
0.19,0.05743596656645896,0.00021182633325979292,0.011141838964712231
0.2,0.0605112563600148,0.00024662655419146253,0.011831634947485804
0.21,0.06703112652312003,0.0003271359601696545,0.013247655206887091
0.22,0.07429801000533934,0.000427223380197091,0.014753345858826887
0.23,0.08159052833850979,0.0005380898104861768,0.01618965219485026
0.24,0.08890803043978072,0.0006592811856945585,0.017557860241317474
0.25,0.09624986969054307,0.0007903469124906811,0.018859210132309748
0.26,0.10361540392493294,0.0009308398597161064,0.02009489772812568
0.27,0.11100399541833601,0.001080316348547844,0.021266076167412787
0.28,0.11841501087589096,0.0012383361426606693,0.022373857355710798
0.29,0.12634574598183893,0.0014158527871523138,0.023487043174928536
0.3,0.13589486245390853,0.0016403255932346977,0.02473105379615804
0.31,0.14547731590454158,0.0018764287379803564,0.025876775089059303
0.32,0.15509181858336454,0.002123270411034814,0.02692618778243366
0.33,0.16473709446979548,0.0023799679039592818,0.027881181439072762
0.34,0.17441187923349086,0.002645647576383836,0.028743558321688047
0.35000000000000003,0.18411492019479378,0.002919444822160617,0.029515037059961016
0.36,0.1947341432742596,0.0032264827102288,0.030255119135457472
0.37,0.20617116292972137,0.0035645575149557884,0.030933782148678694
0.38,0.21764147968962652,0.003909990804280304,0.03149458800265124
0.39,0.22914315878340769,0.004261454013692884,0.03193977846189449
0.4,0.24067428700150298,0.004617635265053433,0.032271469444324644
0.41000000000000003,0.25223297260797245,0.004977239291813126,0.03249165679025417
0.42,0.2650030709674046,0.005376042225888434,0.03260741977047225
0.43,0.27808597448647265,0.005784620987552318,0.03259056348990846
0.44,0.2911962908486846,0.006192378911527838,0.032439381355391136
0.45,0.30433144489711667,0.006597564268036752,0.03215607371533217
0.46,0.31748889532262076,0.006998451449345898,0.0317426887754594
0.47000000000000003,0.3316497403445426,0.007422508449478617,0.031155648251561776
0.48,0.34620101250508445,0.007848266500316685,0.030401703029934512
0.49,0.3607698481871882,0.008262341877884254,0.02949638115857265
0.5,0.37535302985747676,0.008662567179305454,0.028441665615718915
0.51,0.39010076950465,0.009050757247290075,0.0272259542361023
0.52,0.40599195696428536,0.009448082517127648,0.025750129497326427
0.53,0.421888692848113,0.009821334085945203,0.024103379110427595
0.54,0.4377870889527483,0.010167917387101787,0.022287386127905328
0.55,0.45368332399453404,0.010485289225900467,0.020303630943698366
0.56,0.4706834889284896,0.010789667283704398,0.01799698505503742
0.5700000000000001,0.4878162668490529,0.011056840362912287,0.015479177492916194
0.58,0.504933026992706,0.011281073666721523,0.012770083929364181
0.59,0.5220293165629988,0.011459438632928804,0.009870620689206225
0.6,0.540291489935544,0.011596231709193165,0.006558768565520989
0.61,0.558568299886961,0.011673960185595501,0.003020794825215111
0.62,0.5768061136669903,0.011688826985123196,-0.0007344581587731946
0.63,0.5953751241418628,0.011635781900538373,-0.004791215830302705
0.64,0.6147555442653316,0.01150279179157644,-0.00927969647132125
0.65,0.6340740884631333,0.011286849262750477,-0.01401661486872161
0.66,0.6533250314080766,0.010984291281729577,-0.01900268391612157
0.67,0.6732035263950753,0.010575428595320378,-0.024435357878643055
0.68,0.6930943590127582,0.01006307961565383,-0.030166847547777893
0.6900000000000001,0.712893684820995,0.00944524472835074,-0.03617276613301384
0.7000000000000001,0.732507979365888,0.008721775535505382,-0.042426347035024216
0.71,0.7519597117212082,0.007889455927817509,-0.04893513598462286
0.72,0.7713046859732406,0.006942886587450323,-0.05572044179683654
0.73,0.7903553834067909,0.0058895459994744576,-0.06271625085438269
0.74,0.8088202490181072,0.004748676858281849,-0.06980349110722207
0.75,0.8271715945063512,0.0034927337833163805,-0.077155902066001
0.76,0.8454051355631527,0.0021191407094054357,-0.0847761127811155
0.77,0.8629533959985553,0.0006738745887625362,-0.09241648756438385
0.78,0.8802831273597441,-0.0008769510625049341,-0.10026693126897314
0.79,0.8974926112716085,-0.0025434081146561292,-0.10837343506622368
0.8,0.9143823903925528,-0.004306232172086314,-0.11664075933187096
0.81,0.9306642736689471,-0.006129661482910033,-0.12491281501025749
0.8200000000000001,0.9468264947438545,-0.008064734386823246,-0.13342785492415557
0.8300000000000001,0.9628663504180145,-0.010112975461485737,-0.14218816747390878
0.84,0.9784160059738323,-0.012224713271945362,-0.15098567970322876
0.85,0.9935781898997496,-0.014407760712220661,-0.159863150885368
0.86,1.0086207485495196,-0.016698887841282487,-0.16897262954342834
0.87,1.0235415997028219,-0.01909921326230498,-0.17831591550945516
0.88,1.037962002411993,-0.021544235279253095,-0.18764688064709775
0.89,1.0521123928481968,-0.024067332089589,-0.19710059730373364
0.9,1.066144362689587,-0.02669469272491111,-0.2067759650018538
0.91,1.0800563039828215,-0.02942712864126833,-0.21667415092964815
0.92,1.093536389565809,-0.03220009183240601,-0.22656495331641707
0.93,1.1067698561736798,-0.035046454183682435,-0.2365712872923867
0.9400000000000001,1.1198867714206762,-0.037993249273615075,-0.24678869481417515
0.9500000000000001,1.1328858959396313,-0.04104105190218249,-0.2572175905628835
0.96,1.1455610534135532,-0.04413924406110238,-0.26768639782403125
0.97,1.1579625193913472,-0.04729536275044279,-0.27822451816581767
0.98,1.1702496164348406,-0.05054822917826746,-0.2889622808022679
0.99,1.1824213961506798,-0.05389823262793611,-0.29989924665016804
1.0,1.1943878369292584,-0.05731976082000384,-0.3109512908265449
1.01,1.206034417431795,-0.06077582935953022,-0.3220013245919558
1.02,1.2175688689018829,-0.06432522154785217,-0.33323821914680946
1.03,1.228990476209925,-0.06796817857866044,-0.34466059810872635
1.04,1.2402985640270818,-0.0717049127819456,-0.35626681229804563
1.05,1.251276936770966,-0.0754605761490628,-0.36782506774530466
1.06,1.2621293623864585,-0.07930112967070846,-0.3795390961285361
1.07,1.2728712386351482,-0.08323204867573056,-0.3914230745200933
1.08,1.283502075906838,-0.08725342814264339,-0.4034743313535913
1.09,1.2939393708398184,-0.09133274349541455,-0.41559347760379023
1.1,1.3041748009971605,-0.09546361195386978,-0.42776085967191113
1.11,1.3143016602398854,-0.09968207505317507,-0.44008053503814154
1.12,1.3243196136341315,-0.10398812938780475,-0.45254878130464904
1.1300000000000001,1.3342283579036749,-0.10838174892741527,-0.46516156972620293
1.1400000000000001,1.3439151272589158,-0.11281065744896708,-0.4777665633944397
1.1500000000000001,1.3534865176856827,-0.1173210936548885,-0.4904930648879308
1.16,1.3629506885342302,-0.12191673445536896,-0.5033470654483267
1.17,1.3723074660756216,-0.12659747052431847,-0.5163234984741806
1.18,1.381532409549008,-0.13135046874741285,-0.5293822617478005
1.19,1.3906029229708232,-0.1361623512136076,-0.5424828188705743
1.2,1.3995673795747292,-0.14105755743090434,-0.5556872909316976
1.21,1.4084257202706587,-0.14603590253870524,-0.5689896261287608
1.22,1.4171779128631596,-0.15109718277835385,-0.5823835161206249
1.23,1.4258051019923788,-0.15622980148605947,-0.5958327509400055
1.24,1.4343188388223498,-0.1614397000763479,-0.6093474017719925
1.25,1.4427271484761461,-0.1667313020166787,-0.6229328496469291
1.26,1.4510301029639379,-0.1721043328132165,-0.6365819472561874
1.27,1.4592272164704512,-0.1775581069861792,-0.6502863766109163
1.28,1.467310085483918,-0.18308636997714653,-0.6640239756853884
1.29,1.4752882192424321,-0.18869493990013525,-0.6778026377462121
1.3,1.4831617888774193,-0.19438347440540887,-0.6916146015721889
1.31,1.4909309897304683,-0.20015161447179905,-0.705451994479164
1.32,1.5329501668008492,-0.23428136061956273,-0.783866231172866
1.33,1.5401805251224538,-0.24070394945542725,-0.7979611028951346
1.34,1.5473044056295138,-0.24720613478655637,-0.8120180085072017
1.35,1.5543222294873669,-0.25378738929917727,-0.8260285228730293
1.36,1.5612344415955155,-0.2604471697709202,-0.839984333592428
1.37,1.5681351106694226,-0.2672788383968392,-0.8540693212460426
1.3800000000000001,1.574944039874888,-0.27420637357169525,-0.8681141286122521
1.3900000000000001,1.5816454383918368,-0.28121320805393585,-0.8820773766005253
1.4000000000000001,1.5882398708112138,-0.28829870680531416,-0.8959510513109535
1.41,1.5947773759266064,-0.295517571016373,-0.9098328437446148
1.42,1.601289698113765,-0.3029095712306715,-0.9237849540985736
1.43,1.6076925163357663,-0.31038142031683363,-0.9376200058574458
1.44,1.6139865313730082,-0.3179323772360225,-0.9513305755980762
1.45,1.6201724685737409,-0.3255616850208647,-0.9649095559072677
1.46,1.626397994288963,-0.3334574965762398,-0.9786761859243469
1.47,1.6325145619219765,-0.3414376238710741,-0.9922970341124473
1.48,1.638520088326617,-0.34949752276412505,-1.0057590657856825
1.49,1.6444154580994963,-0.3576363118699093,-1.0190561135884706
1.5,1.6503164610149197,-0.3660186011867796,-1.0324437485654128
1.51,1.656153914979433,-0.3745539502923077,-1.0457603600191987
1.52,1.6618777963302618,-0.3831698500918151,-1.058884991242879
1.53,1.6674891775340401,-0.3918652722457375,-1.0718126428428811
1.54,1.673083186767135,-0.40079140687496284,-1.0847567635757227
1.55,1.678644157130103,-0.40993287130513195,-1.0976766198332033
1.56,1.6840888606464652,-0.419155657712528,-1.1103730096996176
1.57,1.689418593814807,-0.42845856309563385,-1.1228422764754862
1.58,1.694727266915981,-0.43800945993017126,-1.1352987357418032
1.59,1.7000107319293585,-0.4478124921352765,-1.1477281877750027
1.6,1.7051752310407364,-0.4576974640163156,-1.1599047061291294
1.61,1.7102223303109698,-0.4676629638234592,-1.1718260854016942
1.62,1.715270094548849,-0.47794861342072803,-1.183766198281736
1.6300000000000001,1.720272384540754,-0.48847424613978835,-1.1956112067707645
1.6400000000000001,1.725153199606026,-0.49908210614328147,-1.207175935786057
1.6500000000000001,1.7299144329403584,-0.5097705307225959,-1.21845966620825
1.6600000000000001,1.7347277782124917,-0.5209381633314587,-1.2298641891090718
1.67,1.7394437399499163,-0.5322545434048207,-1.2410299693844231
1.68,1.7440361562049462,-0.5436528870421456,-1.251890041613176
1.69,1.7485630064534423,-0.5552766504890987,-1.2625764502744414
1.7,1.7531149956141059,-0.5673780651678597,-1.2732970702491138
1.71,1.7575393865215243,-0.579562657409146,-1.2836860861596375
1.72,1.761838930842919,-0.5918281087197427,-1.2937453018388703
1.73,1.7661932627705461,-0.6047043146665,-1.3038876949085958
1.74,1.7704508287837248,-0.617765742303717,-1.3137519231718173
1.75,1.7745801085041535,-0.630908464172287,-1.3232594908157043
1.76,1.778709030308906,-0.6445488015667792,-1.3326970298750895
1.77,1.7827972315703402,-0.6585790030765682,-1.3419613168687599
1.78,1.7867544250388487,-0.6726900498023904,-1.3508397572999729
1.79,1.7906808700619892,-0.6872418224612784,-1.3595482858376242
1.8,1.794577547571548,-0.7022614517752737,-1.368075133865006
1.81,1.7983431719102978,-0.7173592899353184,-1.3761880898093395
1.82,1.8020748554395205,-0.732923341813668,-1.3840850486010798
1.83,1.8057533493937337,-0.7488893348862617,-1.3917083968067443
1.84,1.8093049387177027,-0.7649277828538048,-1.398893536951965
1.85,1.8128430058940495,-0.7815491515803328,-1.4058539820105678
1.86,1.8162950915678153,-0.7984194519263187,-1.4124268859299274
1.87,1.8196354192209505,-0.815387562295937,-1.4185513652428963
1.8800000000000001,1.8229841878979642,-0.8330618390312635,-1.4244250600773343
1.8900000000000001,1.8262199448506622,-0.8507932965708676,-1.429811718066344
1.9000000000000001,1.8294045451197445,-0.8688889674689904,-1.4347982545152131
1.9100000000000001,1.8325487646706509,-0.8873931671325149,-1.439374965894572
1.92,1.8355968799632307,-0.9059396467328859,-1.44344220425893
1.93,1.8386604809606746,-0.925176923416481,-1.4471204164863793
1.94,1.8416430939801307,-0.9444635767599439,-1.4502638405493138
1.95,1.8446088766281612,-0.9641590042725152,-1.4529186949937147
1.96,1.84755065568186,-0.9841643011712259,-1.45504689584025
1.97,1.8504588603639216,-1.0043475616407442,-1.456617958109246
1.98,1.8533926720134295,-1.0250506275324556,-1.457631281853932
1.99,1.8562889231606885,-1.0457470512435538,-1.4580400084682914
2.0,1.8592111549496546,-1.0667992067813135,-1.4578353443664178
2.0100000000000002,1.8621199773135977,-1.087827046442757,-1.4570038263768628
2.02,1.864999558223861,-1.108615369076095,-1.4555614377809185
2.0300000000000002,1.8678833728056008,-1.129308402222083,-1.4535070921050193
2.04,1.8707463362734118,-1.1496356907070462,-1.4508806739240798
2.05,1.8736082352247327,-1.1696574810980296,-1.4476954862210902
2.06,1.8764939270081944,-1.1894714125668782,-1.4439488280827089
2.07,1.8793729744618286,-1.2088049616243886,-1.4397119899763702
2.08,1.882315390423444,-1.228066525766668,-1.4349082683216923
2.09,1.8852517127344275,-1.2467511002652318,-1.429680266966208
2.1,1.8882575904381778,-1.2652983816222485,-1.4239241038592776
2.11,1.8913068349992601,-1.2835009140869789,-1.4177124265062022
2.12,1.8943968983136008,-1.3013153225262486,-1.4110797379356823
2.13,1.8975857702156445,-1.3190391732937166,-1.403923011170175
2.14,1.900778283339554,-1.3361258802083527,-1.3964826741635348
2.15,1.904073040230978,-1.3530913707296799,-1.3885554492357801
2.16,1.9074388732211203,-1.3697487240590511,-1.380234736733422
2.17,1.9108422689154136,-1.3859302509789166,-1.3716278935507005
2.18,1.9143649897942336,-1.402013394087961,-1.3625480538525636
2.19,1.9179175795443615,-1.417584180552562,-1.3532453061918859
2.2,1.9215457591164096,-1.4328525186270182,-1.3436213152104615
2.21,1.9253007867781107,-1.4480208563748531,-1.3335558480467204
2.22,1.9290389346490775,-1.462520391601237,-1.3234527555434954
2.23,1.9328812682015628,-1.47683920399674,-1.3130031038324108
2.24,1.9368535599169086,-1.491059343192388,-1.302150597066512
2.25,1.9407779675271943,-1.5045640785942764,-1.2913969356448405
2.2600000000000002,1.9448186586056284,-1.5179411286288347,-1.2803072684032066
2.27,1.9489890425341285,-1.5312228983669924,-1.2688580155687184
2.2800000000000002,1.9531261759966512,-1.5439068912404044,-1.2575095472081965
2.29,1.9573671013923182,-1.5564339990061078,-1.2458982225531547
2.3000000000000003,1.961736243828688,-1.5688696958752142,-1.2339702789639801
2.31,1.9661209439885163,-1.5809012360728674,-1.2220452751450515
2.32,1.9705770819941124,-1.5926983233226144,-1.2099820125801057
2.33,1.9751600264632891,-1.6044075257050086,-1.1976432394980214
2.34,1.9798188309028641,-1.6158984280597881,-1.1851789402656139
2.35,1.9845060048513918,-1.6270665718845057,-1.1727263928956337
2.36,1.9893188471993106,-1.63814997214329,-1.1600385648861098
2.37,1.9942594657335144,-1.6491479833128855,-1.147124545971736
2.38,1.9992062676109166,-1.6597982542754335,-1.134312863530174
2.39,2.0042672442508973,-1.6703429203629507,-1.1213339483323435
2.4,2.0094549710102294,-1.6808051494370146,-1.1081702639537354
2.41,2.0147274309964653,-1.6911004896987332,-1.0949421554071865
2.42,2.0200578137798404,-1.7011834780133495,-1.0817276761242576
2.43,2.0255145256688536,-1.7111865358757932,-1.0683698524858387
2.44,2.031099052190002,-1.7211094762841848,-1.0548810240571211
2.45,2.0367425892959528,-1.7308330018171616,-1.0414401464163747
2.46,2.042494096975271,-1.7404460610612666,-1.0279423262489413
2.47,2.048373482174771,-1.7499812397839327,-1.0143561135163774
2.48,2.054374304861054,-1.7594266956713966,-1.0007124476719054
2.49,2.0604511394370095,-1.768713393311055,-0.9871277331054302
2.5,2.0666567375578335,-1.7779240139055905,-0.9734974725929714
2.5100000000000002,2.072992130187621,-1.787058751178877,-0.9598358794787835
2.52,2.104494818511561,-1.8289346244401936,-0.8957197348755563
2.5300000000000002,2.111547469954929,-1.8375965282429267,-0.8822317732213093
2.54,2.1187339742750697,-1.846186071393066,-0.868809839587902
2.5500000000000003,2.126054934062185,-1.854703873445012,-0.855468214311932
2.56,2.1335650972985136,-1.8632112045427458,-0.8421259371087219
2.57,2.1412349038679652,-1.8716713552473807,-0.8288557056159326
2.58,2.149043397704035,-1.8800605792052636,-0.8157100241407335
2.59,2.1569946608429436,-1.888383584408899,-0.802696579451006
2.6,2.165193837369819,-1.8967465924515738,-0.789665025834785
2.61,2.1735365289819386,-1.9050396483842749,-0.7768025633433541
2.62,2.182022935539342,-1.9132638754445392,-0.7641221275225369
2.63,2.1907248545258566,-1.9214873565654527,-0.751534176956427
2.64,2.1996806528163075,-1.9297413209795766,-0.7390081810375144
2.65,2.2087862810773755,-1.937927605553997,-0.7267092350173204
2.66,2.2180416538900696,-1.9460477052795682,-0.7146488051408165
2.67,2.227668064171098,-1.9542905850689758,-0.7025649371539391
2.68,2.237491648510624,-1.9625012554356864,-0.6907049035983742
2.69,2.2474725681320686,-1.97064736918368,-0.679129631720299
2.7,2.2577504799450088,-1.9788413150416833,-0.6676962422184183
2.71,2.2684164944535348,-1.9871482225158628,-0.6563379553822373
2.72,2.279249505692483,-1.9953926489644311,-0.6453145943839894
2.73,2.290268033392598,-2.00359131768748,-0.6346163827671483
2.74,2.301897012902158,-2.0120524377579088,-0.6238699140610047
2.75,2.3137040376146416,-2.0204544406260068,-0.6135123936990265
2.7600000000000002,2.3256878218996424,-2.0288005297920773,-0.6035511222372398
2.77,2.3382422288251163,-2.0373608355873793,-0.5936910169338808
2.7800000000000002,2.3510627182353296,-2.0459224450811617,-0.5842086232679438
2.79,2.364068784772237,-2.054435224874321,-0.5751734452624808
2.8000000000000003,2.3773907274502974,-2.0629875534831332,-0.5665075344555321
2.81,2.3909442926046784,-2.071528020836347,-0.558280680663804
2.82,2.404681558428337,-2.080031879302779,-0.5505278051295622
2.83,2.4181593843290012,-2.088237975812083,-0.5434742850436928
2.84,2.431606464900394,-2.0963010337923533,-0.5369642105354953
2.85,2.4452134121326154,-2.1043441656298674,-0.5308953705732844
2.86,2.4583742204998593,-2.1120223493741515,-0.5255061921541665
2.87,2.471061863634981,-2.1193385668626585,-0.5207448615597907
2.88,2.4838756820919254,-2.1266497049743998,-0.5163564638094763
2.89,2.4968132526418936,-2.1339596394977605,-0.5123425777188015
2.9,2.5085891548914017,-2.1405566726362117,-0.5090440080891594
2.91,2.520457916759585,-2.1471568172220654,-0.5060535328976469
2.92,2.5324213394468686,-2.1537652783522567,-0.5033711413480896
2.93,2.544320188757332,-2.160299131545065,-0.5010267908937184
2.94,2.555091289104453,-2.1661844491289584,-0.49917745893600635
2.95,2.565932044598058,-2.1720835577732807,-0.4975732437956939
2.96,2.57684085728237,-2.1779987888325287,-0.4962150027880969
2.97,2.587816082406078,-2.1839325188746903,-0.4951036286127313
2.98,2.5977530261270765,-2.189292771502456,-0.49431496719188933
2.99,2.6073515218347554,-2.1944620768582257,-0.4937469594271404
3.0,2.6169961548603675,-2.1996503323174563,-0.4933658131567919
3.0100000000000002,2.62668574554297,-2.2048591876312145,-0.4931722189144223
3.02,2.636419087116478,-2.2100903186433096,-0.49316689873145
3.0300000000000002,2.6450486254061127,-2.2147290760998595,-0.4933193139230063
3.04,2.6531779274363076,-2.2191012051394994,-0.4935969386928535
3.0500000000000003,2.6613349384295533,-2.223491846331843,-0.4940053427423168
3.06,2.669518914713696,-2.2279020081700187,-0.49454500896011244
3.0700000000000003,2.6777290994809726,-2.232332711754933,-0.4952164378166105
3.08,2.685964722724488,-2.2367849908496327,-0.49602014765307556
3.09,2.693044760424838,-2.240619888483,-0.4968148849453481
3.1,2.699294773607207,-2.2440115904603535,-0.4975959306290754
3.11,2.705558106098535,-2.247417165272276,-0.4984532049208779
3.12,2.7118344064419593,-2.2508370770614974,-0.4993869583163747
3.13,2.718123318801138,-2.254271794162703,-0.5003974472666224
3.14,2.7244244829446735,-2.2577217891158803,-0.501484934157268
3.15,2.7307375342305176,-2.261187538679651,-0.5026496872732673
3.16,2.7370621035903904,-2.264669523844615,-0.5038919807488169
3.17,2.7415115274845308,-2.2671254377982004,-0.5048111543357893
3.18,2.7440935002509694,-2.2685530725258665,-0.5053616582728666
3.19,2.746677251744138,-2.2699835704169713,-0.5059251209474759
3.2,2.749262756190807,-2.2714169647662015,-0.5065015619596142
3.21,2.7518499876945013,-2.2728532889859347,-0.5070910010619939
3.22,2.7544389202353154,-2.2742925766063875,-0.5076934581587365
3.23,2.757029527669747,-2.275734861275766,-0.5083089533039853
3.24,2.759621783730519,-2.2771801767604147,-0.5089375067004448
3.25,2.762215662026403,-2.2786285569449656,-0.5095791386978401
3.2600000000000002,2.7648111360420478,-2.280080035832486,-0.5102338697912951
3.27,2.767408179137806,-2.281534647544635,-0.510901720619635
3.2800000000000002,2.770006764549555,-2.2829924263218033,-0.5115827119636013
3.29,2.772606865388525,-2.2844534065232676,-0.5122768647439897
3.3000000000000003,2.775208454641125,-2.285917622627341,-0.5129842000197053
3.31,2.777811505168766,-2.2873851092315207,-0.5137047389857285
3.3200000000000003,2.7804159897076888,-2.2888559010526364,-0.5144385029710027
3.33,2.7830218808687883,-2.2903300329270015,-0.5151855134362304
3.34,2.7856291511374383,-2.29180753981056,-0.5159457919715869
3.35,2.7882377728733183,-2.293288456779043,-0.5167193602943416
3.36,2.7908477183102387,-2.294772819028107,-0.517506240246396
